224.198
224.755
225.313
225.872
226.431
226.99
227.551
228.112
228.673
229.235
229.798
230.362
230.926
231.49
232.056
232.622
233.188
233.755
234.323
234.891
235.46
236.03
236.6
237.171
237.743
238.315
238.887
239.461
240.035
240.609
241.185
241.761
242.337
242.914
243.492
244.071
244.65
245.23
245.81
246.391
246.973
247.555
248.138
248.722
249.306
249.891
250.477
251.063
251.65
252.237
252.825
253.414
254.004
254.594
255.185
255.776
256.368
256.961
257.555
258.149
258.744
259.339
259.935
260.532
261.13
261.728
262.327
262.926
263.526
264.127
264.729
265.331
265.934
266.537
267.142
267.747
268.352
268.959
269.566
270.173
270.782
271.391
272.001
272.611
273.222
273.834
274.447
275.06
275.674
276.288
276.904
277.52
278.137
278.754
279.372
279.991
280.611
281.231
281.852
282.474
283.096
283.719
284.343
284.968
285.593
286.219
286.846
287.473
288.101
288.73
289.36
289.99
290.621
291.253
291.886
292.519
293.153
293.788
294.423
295.06
295.697
296.334
296.973
297.612
298.252
298.893
299.534
300.176
300.819
301.463
302.107
302.752
303.398
304.045
304.692
305.341
305.99
306.639
307.29
307.941
308.593
309.246
309.899
310.554
311.209
311.865
312.521
313.179
313.837
314.496
315.156
315.816
316.477
317.14
317.802
318.466
319.131
319.796
320.462
321.129
321.796
322.465
323.134
323.804
324.475
325.146
325.819
326.492
327.166
327.841
328.516
329.193
329.87
330.548
331.227
331.906
332.587
333.268
333.95
334.633
335.317
336.002
336.687
337.373
338.06
338.748
339.437
340.127
340.817
341.508
342.2
342.893
343.587
344.281
344.977
345.673
346.37
347.068
347.767
348.467
349.167
349.869
350.571
351.274
351.978
352.683
353.388
354.095
354.802
355.51
356.22
356.93
357.64
358.352
359.065
359.778
360.493
361.208
361.924
362.641
363.359
364.078
364.797
365.518
366.239
366.962
367.685
368.409
369.134
369.86
370.587
371.314
372.043
372.773
373.503
374.234
374.967
375.7
376.434
377.169
377.905
378.642
379.379
380.118
380.858
381.598
382.34
383.082
383.825
384.57
385.315
386.061
386.808
387.556
388.305
389.055
